@relation ./ML-assignments/Assignment6/databases_disc/databases_EFQ2_arff/vehicle1/EFQ1vehicle1-5-5tra.dat

@attribute attr0 numeric
@attribute attr1 numeric
@attribute attr2 numeric
@attribute attr3 numeric
@attribute attr4 numeric
@attribute attr5 numeric
@attribute attr6 numeric
@attribute attr7 numeric
@attribute attr8 numeric
@attribute attr9 numeric
@attribute attr10 numeric
@attribute attr11 numeric
@attribute attr12 numeric
@attribute attr13 numeric
@attribute attr14 numeric
@attribute attr15 numeric
@attribute attr16 numeric
@attribute attr17 numeric
@attribute attrClass {' negative'}
@data
1.0,0.0,2.0,0.0,0.0,2.0,1.0,2.0,1.0,1.0,1.0,1.0,1.0,1.0,2.0,2.0,1.0,2.0,' negativ
1.0,0.0,1.0,1.0,1.0,2.0,0.0,2.0,1.0,1.0,0.0,0.0,0.0,0.0,1.0,1.0,2.0,2.0,' negativ
0.0,1.0,0.0,2.0,2.0,2.0,1.0,2.0,1.0,1.0,2.0,1.0,2.0,2.0,2.0,1.0,0.0,0.0,' negativ
2.0,1.0,1.0,1.0,2.0,0.0,1.0,1.0,1.0,1.0,1.0,1.0,1.0,0.0,2.0,0.0,2.0,2.0,' negativ
0.0,0.0,0.0,0.0,1.0,1.0,0.0,2.0,0.0,0.0,0.0,0.0,0.0,0.0,0.0,2.0,2.0,2.0,' negativ
0.0,0.0,0.0,0.0,1.0,2.0,0.0,2.0,0.0,0.0,0.0,0.0,0.0,0.0,0.0,1.0,2.0,2.0,' negativ
0.0,2.0,1.0,1.0,2.0,0.0,1.0,1.0,1.0,1.0,1.0,1.0,2.0,1.0,1.0,1.0,1.0,1.0,' negativ
1.0,2.0,1.0,2.0,2.0,0.0,2.0,0.0,2.0,2.0,2.0,2.0,2.0,1.0,1.0,0.0,2.0,2.0,' negativ
2.0,2.0,2.0,2.0,2.0,2.0,2.0,0.0,2.0,2.0,2.0,2.0,2.0,1.0,1.0,0.0,1.0,1.0,' negativ
1.0,0.0,0.0,0.0,0.0,0.0,0.0,2.0,0.0,0.0,0.0,0.0,0.0,2.0,0.0,2.0,0.0,0.0,' negativ
2.0,2.0,2.0,2.0,2.0,2.0,2.0,0.0,2.0,2.0,2.0,2.0,2.0,1.0,1.0,0.0,1.0,1.0,' negativ
0.0,2.0,1.0,1.0,2.0,0.0,1.0,1.0,1.0,1.0,1.0,1.0,1.0,2.0,0.0,0.0,1.0,1.0,' negativ
1.0,1.0,0.0,1.0,2.0,1.0,1.0,1.0,1.0,1.0,1.0,1.0,1.0,0.0,2.0,0.0,2.0,2.0,' negativ
0.0,0.0,0.0,1.0,1.0,1.0,0.0,2.0,0.0,0.0,0.0,0.0,0.0,0.0,0.0,0.0,2.0,2.0,' negativ
2.0,1.0,2.0,2.0,2.0,0.0,2.0,0.0,2.0,1.0,2.0,2.0,1.0,2.0,1.0,1.0,2.0,1.0,' negativ
1.0,0.0,0.0,1.0,1.0,0.0,0.0,2.0,0.0,0.0,0.0,0.0,0.0,0.0,1.0,1.0,2.0,2.0,' negativ
2.0,2.0,2.0,2.0,2.0,2.0,2.0,0.0,2.0,2.0,2.0,2.0,2.0,1.0,1.0,2.0,1.0,2.0,' negativ
2.0,2.0,2.0,1.0,2.0,2.0,1.0,1.0,2.0,1.0,1.0,1.0,1.0,0.0,2.0,1.0,2.0,2.0,' negativ
0.0,1.0,1.0,0.0,0.0,1.0,1.0,1.0,1.0,1.0,1.0,1.0,1.0,2.0,0.0,0.0,0.0,0.0,' negativ
0.0,1.0,0.0,1.0,2.0,0.0,1.0,1.0,1.0,1.0,1.0,1.0,2.0,2.0,2.0,0.0,0.0,0.0,' negativ
2.0,2.0,2.0,2.0,2.0,2.0,2.0,0.0,2.0,1.0,2.0,2.0,2.0,1.0,1.0,1.0,1.0,1.0,' negativ
0.0,0.0,0.0,0.0,0.0,0.0,0.0,2.0,0.0,0.0,0.0,0.0,0.0,2.0,2.0,2.0,0.0,0.0,' negativ
1.0,2.0,2.0,0.0,0.0,2.0,1.0,1.0,2.0,2.0,1.0,1.0,2.0,2.0,1.0,0.0,0.0,1.0,' negativ
1.0,1.0,0.0,0.0,0.0,1.0,0.0,2.0,0.0,1.0,0.0,0.0,0.0,1.0,0.0,1.0,1.0,1.0,' negativ
0.0,1.0,0.0,0.0,0.0,0.0,0.0,2.0,1.0,0.0,1.0,0.0,1.0,2.0,1.0,2.0,0.0,0.0,' negativ
1.0,2.0,1.0,1.0,2.0,2.0,1.0,1.0,2.0,2.0,1.0,1.0,2.0,2.0,1.0,1.0,0.0,1.0,' negativ
2.0,2.0,2.0,2.0,2.0,2.0,2.0,0.0,2.0,2.0,2.0,2.0,2.0,1.0,0.0,0.0,1.0,1.0,' negativ
2.0,1.0,0.0,1.0,2.0,0.0,1.0,1.0,1.0,0.0,1.0,1.0,1.0,0.0,2.0,1.0,2.0,2.0,' negativ
1.0,0.0,0.0,1.0,1.0,1.0,0.0,2.0,0.0,0.0,0.0,0.0,0.0,0.0,2.0,0.0,2.0,2.0,' negativ
1.0,2.0,2.0,0.0,0.0,2.0,1.0,1.0,2.0,2.0,1.0,1.0,1.0,1.0,1.0,1.0,0.0,1.0,' negativ
2.0,2.0,2.0,2.0,2.0,2.0,2.0,0.0,2.0,2.0,2.0,2.0,2.0,0.0,0.0,0.0,1.0,2.0,' negativ
0.0,0.0,0.0,0.0,0.0,0.0,0.0,2.0,0.0,0.0,0.0,0.0,0.0,2.0,2.0,1.0,0.0,0.0,' negativ
2.0,2.0,2.0,2.0,1.0,2.0,2.0,0.0,2.0,2.0,2.0,2.0,2.0,0.0,1.0,0.0,2.0,2.0,' negativ
0.0,0.0,0.0,0.0,1.0,0.0,0.0,2.0,0.0,0.0,0.0,0.0,0.0,2.0,2.0,2.0,0.0,0.0,' negativ
2.0,0.0,0.0,0.0,0.0,1.0,0.0,2.0,0.0,0.0,0.0,0.0,0.0,2.0,2.0,1.0,0.0,0.0,' negativ
0.0,1.0,0.0,1.0,2.0,1.0,1.0,2.0,1.0,1.0,1.0,1.0,1.0,2.0,1.0,0.0,0.0,0.0,' negativ
1.0,0.0,1.0,0.0,0.0,1.0,0.0,2.0,1.0,0.0,1.0,0.0,0.0,2.0,2.0,0.0,0.0,0.0,' negativ
0.0,1.0,0.0,0.0,0.0,1.0,1.0,2.0,1.0,1.0,1.0,0.0,1.0,2.0,1.0,2.0,0.0,0.0,' negativ
2.0,2.0,2.0,2.0,2.0,2.0,2.0,0.0,2.0,2.0,2.0,2.0,2.0,1.0,1.0,2.0,1.0,1.0,' negativ
0.0,1.0,1.0,1.0,2.0,2.0,0.0,2.0,0.0,1.0,0.0,0.0,1.0,1.0,0.0,1.0,1.0,2.0,' negativ
2.0,2.0,2.0,1.0,0.0,2.0,2.0,0.0,2.0,2.0,2.0,2.0,2.0,2.0,1.0,0.0,1.0,1.0,' negativ
2.0,2.0,2.0,2.0,2.0,2.0,2.0,0.0,2.0,2.0,2.0,2.0,2.0,1.0,2.0,2.0,1.0,2.0,' negativ
1.0,0.0,2.0,2.0,1.0,1.0,2.0,0.0,2.0,0.0,2.0,2.0,0.0,0.0,1.0,2.0,2.0,2.0,' negativ
0.0,0.0,0.0,0.0,0.0,0.0,0.0,2.0,0.0,0.0,0.0,0.0,0.0,2.0,0.0,2.0,0.0,0.0,' negativ
1.0,1.0,2.0,1.0,1.0,2.0,1.0,1.0,1.0,1.0,1.0,1.0,1.0,1.0,2.0,2.0,1.0,2.0,' negativ
2.0,2.0,2.0,2.0,2.0,0.0,2.0,0.0,2.0,2.0,2.0,2.0,2.0,2.0,2.0,0.0,2.0,0.0,' negativ
1.0,1.0,0.0,0.0,0.0,1.0,1.0,2.0,1.0,1.0,1.0,1.0,2.0,2.0,1.0,0.0,0.0,0.0,' negativ
0.0,2.0,1.0,1.0,2.0,0.0,1.0,1.0,1.0,1.0,1.0,1.0,2.0,1.0,0.0,0.0,1.0,0.0,' negativ
2.0,2.0,2.0,2.0,2.0,0.0,2.0,0.0,2.0,2.0,2.0,2.0,2.0,2.0,1.0,1.0,1.0,0.0,' negativ
1.0,0.0,0.0,0.0,0.0,1.0,0.0,2.0,0.0,0.0,0.0,0.0,0.0,0.0,0.0,0.0,2.0,1.0,' negativ
0.0,0.0,1.0,0.0,0.0,1.0,0.0,2.0,1.0,0.0,1.0,0.0,0.0,2.0,2.0,2.0,0.0,1.0,' negativ
1.0,0.0,1.0,2.0,2.0,1.0,1.0,1.0,1.0,0.0,1.0,1.0,0.0,1.0,1.0,1.0,2.0,1.0,' negativ
2.0,2.0,2.0,2.0,0.0,0.0,2.0,0.0,2.0,2.0,2.0,2.0,2.0,2.0,2.0,1.0,0.0,0.0,' negativ
1.0,0.0,2.0,0.0,1.0,2.0,1.0,2.0,1.0,1.0,1.0,1.0,1.0,1.0,1.0,2.0,1.0,2.0,' negativ
1.0,1.0,2.0,2.0,2.0,0.0,2.0,0.0,2.0,0.0,2.0,2.0,1.0,0.0,1.0,1.0,2.0,2.0,' negativ
0.0,0.0,0.0,0.0,0.0,0.0,0.0,2.0,0.0,0.0,0.0,0.0,0.0,2.0,2.0,0.0,0.0,0.0,' negativ
1.0,0.0,2.0,1.0,0.0,2.0,2.0,0.0,2.0,0.0,2.0,2.0,0.0,0.0,2.0,2.0,1.0,1.0,' negativ
1.0,2.0,2.0,1.0,2.0,2.0,1.0,1.0,2.0,2.0,1.0,1.0,2.0,2.0,1.0,2.0,0.0,1.0,' negativ
0.0,1.0,0.0,1.0,2.0,0.0,0.0,2.0,1.0,1.0,0.0,0.0,1.0,1.0,0.0,0.0,0.0,0.0,' negativ
2.0,2.0,2.0,2.0,2.0,2.0,2.0,0.0,2.0,2.0,2.0,2.0,2.0,1.0,2.0,2.0,1.0,1.0,' negativ
0.0,1.0,0.0,1.0,1.0,1.0,1.0,1.0,1.0,1.0,1.0,1.0,1.0,2.0,1.0,1.0,1.0,1.0,' negativ
0.0,1.0,0.0,0.0,0.0,0.0,1.0,2.0,1.0,1.0,1.0,0.0,1.0,2.0,1.0,1.0,0.0,0.0,' negativ
0.0,1.0,0.0,2.0,2.0,2.0,0.0,2.0,1.0,1.0,2.0,1.0,2.0,2.0,0.0,0.0,0.0,0.0,' negativ
2.0,1.0,2.0,1.0,2.0,2.0,1.0,1.0,1.0,1.0,0.0,1.0,0.0,0.0,2.0,0.0,2.0,2.0,' negativ
1.0,1.0,0.0,1.0,2.0,1.0,0.0,2.0,0.0,1.0,0.0,0.0,1.0,0.0,2.0,0.0,2.0,1.0,' negativ
1.0,0.0,0.0,0.0,1.0,0.0,0.0,2.0,0.0,0.0,0.0,0.0,0.0,1.0,2.0,0.0,1.0,1.0,' negativ
2.0,1.0,1.0,2.0,2.0,0.0,2.0,0.0,2.0,1.0,2.0,2.0,1.0,2.0,0.0,2.0,2.0,0.0,' negativ
2.0,2.0,2.0,2.0,2.0,2.0,2.0,0.0,2.0,2.0,2.0,2.0,1.0,0.0,0.0,2.0,2.0,2.0,' negativ
0.0,0.0,1.0,1.0,1.0,1.0,1.0,2.0,1.0,0.0,1.0,1.0,0.0,1.0,0.0,2.0,0.0,1.0,' negativ
0.0,1.0,0.0,0.0,1.0,1.0,1.0,2.0,1.0,1.0,1.0,1.0,1.0,2.0,2.0,1.0,0.0,0.0,' negativ
2.0,2.0,1.0,2.0,2.0,0.0,2.0,0.0,2.0,2.0,2.0,2.0,1.0,1.0,1.0,1.0,2.0,1.0,' negativ
1.0,2.0,1.0,1.0,2.0,2.0,1.0,1.0,1.0,2.0,1.0,1.0,2.0,1.0,1.0,2.0,1.0,1.0,' negativ
0.0,0.0,0.0,0.0,1.0,0.0,0.0,2.0,0.0,0.0,0.0,0.0,0.0,1.0,2.0,0.0,0.0,0.0,' negativ
1.0,1.0,2.0,0.0,0.0,2.0,1.0,1.0,1.0,2.0,1.0,1.0,1.0,2.0,2.0,1.0,0.0,1.0,' negativ
2.0,1.0,2.0,2.0,2.0,1.0,2.0,0.0,2.0,1.0,2.0,2.0,2.0,1.0,1.0,0.0,1.0,1.0,' negativ
0.0,1.0,0.0,0.0,0.0,1.0,1.0,2.0,1.0,1.0,0.0,0.0,1.0,2.0,2.0,2.0,0.0,0.0,' negativ
1.0,2.0,1.0,0.0,1.0,2.0,1.0,1.0,2.0,2.0,1.0,1.0,2.0,2.0,2.0,1.0,0.0,1.0,' negativ
1.0,0.0,1.0,1.0,1.0,2.0,0.0,2.0,1.0,0.0,0.0,0.0,0.0,0.0,2.0,0.0,2.0,2.0,' negativ
0.0,1.0,1.0,1.0,1.0,1.0,0.0,2.0,1.0,1.0,1.0,0.0,1.0,1.0,0.0,0.0,1.0,1.0,' negativ
1.0,2.0,1.0,0.0,1.0,2.0,1.0,1.0,2.0,2.0,1.0,1.0,2.0,1.0,2.0,1.0,1.0,1.0,' negativ
1.0,1.0,0.0,1.0,1.0,1.0,0.0,2.0,1.0,1.0,1.0,0.0,0.0,2.0,0.0,0.0,1.0,0.0,' negativ
2.0,1.0,2.0,1.0,2.0,2.0,1.0,1.0,2.0,2.0,1.0,1.0,1.0,0.0,2.0,1.0,2.0,2.0,' negativ
2.0,0.0,0.0,0.0,0.0,1.0,0.0,2.0,0.0,1.0,0.0,0.0,0.0,2.0,1.0,0.0,1.0,0.0,' negativ
0.0,2.0,1.0,0.0,1.0,2.0,1.0,1.0,2.0,2.0,1.0,1.0,2.0,2.0,1.0,0.0,0.0,1.0,' negativ
0.0,1.0,0.0,1.0,2.0,2.0,0.0,2.0,0.0,1.0,0.0,0.0,1.0,0.0,2.0,0.0,2.0,2.0,' negativ
1.0,1.0,1.0,1.0,2.0,1.0,0.0,1.0,1.0,1.0,1.0,1.0,0.0,1.0,1.0,0.0,1.0,2.0,' negativ
0.0,1.0,0.0,0.0,0.0,1.0,1.0,2.0,1.0,1.0,0.0,0.0,1.0,2.0,2.0,1.0,0.0,0.0,' negativ
2.0,2.0,2.0,2.0,0.0,2.0,2.0,0.0,2.0,2.0,2.0,2.0,1.0,0.0,0.0,2.0,2.0,2.0,' negativ
0.0,1.0,0.0,0.0,0.0,1.0,1.0,2.0,1.0,1.0,1.0,1.0,1.0,2.0,1.0,1.0,0.0,0.0,' negativ
2.0,2.0,2.0,2.0,2.0,2.0,2.0,0.0,2.0,2.0,2.0,2.0,2.0,0.0,0.0,2.0,1.0,2.0,' negativ
2.0,2.0,2.0,1.0,2.0,2.0,2.0,1.0,2.0,2.0,1.0,1.0,1.0,1.0,2.0,0.0,1.0,1.0,' negativ
1.0,0.0,1.0,1.0,2.0,1.0,1.0,1.0,1.0,0.0,1.0,1.0,0.0,0.0,1.0,2.0,2.0,2.0,' negativ
1.0,0.0,0.0,1.0,2.0,1.0,0.0,2.0,0.0,0.0,0.0,0.0,0.0,0.0,0.0,2.0,2.0,2.0,' negativ
1.0,1.0,2.0,2.0,2.0,0.0,2.0,0.0,2.0,1.0,2.0,2.0,0.0,1.0,1.0,2.0,2.0,1.0,' negativ
1.0,0.0,1.0,1.0,1.0,1.0,1.0,1.0,1.0,0.0,1.0,1.0,0.0,0.0,1.0,2.0,2.0,2.0,' negativ
1.0,0.0,1.0,1.0,2.0,2.0,0.0,2.0,1.0,0.0,0.0,0.0,0.0,1.0,2.0,1.0,1.0,1.0,' negativ
2.0,2.0,2.0,2.0,2.0,0.0,2.0,0.0,2.0,2.0,2.0,2.0,2.0,2.0,1.0,0.0,0.0,0.0,' negativ
0.0,0.0,1.0,1.0,0.0,1.0,0.0,2.0,1.0,0.0,0.0,0.0,0.0,0.0,2.0,2.0,2.0,2.0,' negativ
1.0,1.0,0.0,0.0,0.0,1.0,0.0,2.0,0.0,1.0,0.0,0.0,0.0,1.0,1.0,0.0,1.0,0.0,' negativ
1.0,1.0,1.0,1.0,0.0,0.0,1.0,1.0,1.0,1.0,1.0,1.0,1.0,0.0,2.0,0.0,2.0,2.0,' negativ
0.0,0.0,0.0,0.0,1.0,0.0,0.0,2.0,0.0,0.0,0.0,0.0,0.0,2.0,0.0,0.0,0.0,0.0,' negativ
2.0,2.0,2.0,2.0,2.0,2.0,2.0,0.0,2.0,2.0,2.0,2.0,2.0,0.0,2.0,0.0,2.0,2.0,' negativ
2.0,2.0,2.0,2.0,1.0,2.0,2.0,0.0,2.0,2.0,2.0,2.0,2.0,1.0,0.0,2.0,1.0,1.0,' negativ
2.0,2.0,2.0,2.0,0.0,2.0,2.0,0.0,2.0,2.0,2.0,2.0,2.0,1.0,0.0,2.0,1.0,2.0,' negativ
0.0,1.0,0.0,0.0,2.0,0.0,0.0,2.0,1.0,1.0,1.0,0.0,1.0,2.0,0.0,0.0,0.0,0.0,' negativ
2.0,0.0,0.0,0.0,0.0,1.0,0.0,2.0,0.0,0.0,0.0,0.0,0.0,1.0,0.0,1.0,1.0,0.0,' negativ
2.0,2.0,2.0,2.0,1.0,2.0,2.0,0.0,2.0,2.0,2.0,2.0,2.0,0.0,2.0,0.0,1.0,2.0,' negativ
2.0,2.0,2.0,1.0,0.0,0.0,2.0,0.0,2.0,2.0,2.0,2.0,2.0,2.0,1.0,1.0,0.0,0.0,' negativ
1.0,1.0,1.0,1.0,2.0,2.0,0.0,2.0,1.0,1.0,0.0,0.0,1.0,0.0,2.0,2.0,2.0,2.0,' negativ
2.0,2.0,2.0,2.0,1.0,0.0,2.0,0.0,2.0,2.0,2.0,2.0,2.0,2.0,2.0,2.0,1.0,0.0,' negativ
1.0,2.0,2.0,1.0,1.0,2.0,1.0,1.0,2.0,2.0,1.0,1.0,2.0,1.0,2.0,2.0,1.0,1.0,' negativ
0.0,0.0,1.0,2.0,2.0,0.0,1.0,1.0,2.0,0.0,1.0,1.0,0.0,1.0,0.0,1.0,2.0,1.0,' negativ
0.0,0.0,2.0,2.0,1.0,1.0,2.0,0.0,2.0,0.0,2.0,2.0,0.0,1.0,1.0,2.0,1.0,2.0,' negativ
1.0,0.0,1.0,1.0,2.0,1.0,1.0,1.0,1.0,0.0,1.0,1.0,0.0,0.0,0.0,2.0,2.0,2.0,' negativ
1.0,1.0,0.0,0.0,1.0,0.0,0.0,2.0,0.0,1.0,0.0,0.0,1.0,2.0,2.0,0.0,1.0,0.0,' negativ
0.0,0.0,0.0,0.0,0.0,0.0,0.0,2.0,0.0,0.0,0.0,0.0,0.0,2.0,1.0,2.0,0.0,0.0,' negativ
1.0,1.0,0.0,1.0,2.0,1.0,0.0,1.0,1.0,0.0,1.0,1.0,1.0,0.0,1.0,0.0,2.0,2.0,' negativ
2.0,0.0,1.0,2.0,2.0,0.0,2.0,0.0,2.0,0.0,2.0,2.0,0.0,1.0,2.0,2.0,2.0,1.0,' negativ
1.0,1.0,1.0,2.0,2.0,0.0,2.0,0.0,2.0,0.0,1.0,2.0,0.0,0.0,1.0,2.0,2.0,2.0,' negativ
2.0,1.0,1.0,1.0,1.0,1.0,1.0,1.0,2.0,1.0,1.0,1.0,2.0,0.0,2.0,1.0,1.0,1.0,' negativ
2.0,2.0,2.0,2.0,2.0,2.0,2.0,0.0,2.0,2.0,2.0,2.0,2.0,1.0,1.0,2.0,1.0,1.0,' negativ
1.0,0.0,1.0,2.0,2.0,1.0,1.0,1.0,1.0,0.0,1.0,1.0,0.0,0.0,0.0,2.0,2.0,2.0,' negativ
2.0,2.0,2.0,2.0,1.0,2.0,2.0,0.0,2.0,2.0,2.0,2.0,2.0,0.0,2.0,1.0,2.0,2.0,' negativ
0.0,0.0,1.0,1.0,2.0,2.0,0.0,2.0,1.0,0.0,0.0,0.0,1.0,1.0,0.0,1.0,1.0,2.0,' negativ
2.0,2.0,2.0,2.0,1.0,1.0,2.0,0.0,2.0,2.0,2.0,2.0,2.0,2.0,1.0,0.0,1.0,0.0,' negativ
0.0,1.0,0.0,0.0,0.0,1.0,1.0,1.0,1.0,1.0,1.0,1.0,1.0,2.0,1.0,2.0,0.0,0.0,' negativ
0.0,1.0,1.0,1.0,2.0,1.0,1.0,1.0,1.0,1.0,1.0,1.0,1.0,2.0,0.0,2.0,0.0,0.0,' negativ
0.0,2.0,1.0,0.0,0.0,1.0,1.0,1.0,1.0,1.0,1.0,1.0,2.0,2.0,1.0,2.0,0.0,0.0,' negativ
0.0,1.0,1.0,0.0,1.0,1.0,0.0,2.0,1.0,1.0,1.0,0.0,1.0,2.0,1.0,2.0,0.0,0.0,' negativ
1.0,2.0,2.0,1.0,2.0,2.0,1.0,1.0,2.0,2.0,1.0,1.0,1.0,1.0,2.0,2.0,0.0,1.0,' negativ
2.0,2.0,2.0,1.0,0.0,2.0,2.0,0.0,2.0,2.0,2.0,2.0,2.0,0.0,2.0,0.0,1.0,2.0,' negativ
2.0,2.0,2.0,2.0,1.0,2.0,2.0,0.0,2.0,2.0,2.0,2.0,2.0,1.0,2.0,2.0,1.0,1.0,' negativ
1.0,0.0,0.0,0.0,1.0,1.0,0.0,2.0,0.0,0.0,0.0,0.0,0.0,0.0,2.0,0.0,2.0,2.0,' negativ
0.0,2.0,1.0,1.0,1.0,2.0,0.0,2.0,1.0,2.0,1.0,1.0,1.0,1.0,0.0,0.0,1.0,2.0,' negativ
1.0,2.0,1.0,1.0,2.0,1.0,1.0,1.0,2.0,1.0,1.0,1.0,1.0,0.0,0.0,1.0,1.0,2.0,' negativ
0.0,1.0,0.0,0.0,0.0,1.0,1.0,2.0,1.0,1.0,0.0,0.0,1.0,2.0,0.0,0.0,0.0,0.0,' negativ
0.0,2.0,0.0,1.0,2.0,1.0,1.0,2.0,1.0,1.0,1.0,1.0,2.0,2.0,1.0,0.0,0.0,0.0,' negativ
2.0,2.0,2.0,1.0,0.0,2.0,2.0,0.0,2.0,2.0,2.0,2.0,2.0,1.0,0.0,0.0,1.0,1.0,' negativ
0.0,0.0,0.0,1.0,1.0,1.0,0.0,2.0,0.0,0.0,0.0,0.0,0.0,1.0,0.0,0.0,1.0,1.0,' negativ
1.0,0.0,1.0,1.0,2.0,1.0,1.0,1.0,1.0,0.0,1.0,1.0,1.0,1.0,1.0,2.0,2.0,1.0,' negativ
1.0,0.0,1.0,0.0,0.0,1.0,0.0,2.0,0.0,0.0,0.0,0.0,0.0,1.0,0.0,0.0,1.0,1.0,' negativ
1.0,0.0,2.0,1.0,1.0,1.0,1.0,1.0,2.0,0.0,2.0,1.0,0.0,1.0,0.0,2.0,1.0,0.0,' negativ
2.0,2.0,2.0,2.0,2.0,2.0,2.0,0.0,2.0,2.0,2.0,2.0,2.0,1.0,1.0,0.0,1.0,1.0,' negativ
0.0,1.0,0.0,0.0,1.0,1.0,0.0,2.0,1.0,1.0,1.0,1.0,1.0,1.0,0.0,0.0,1.0,0.0,' negativ
0.0,0.0,0.0,0.0,0.0,0.0,0.0,2.0,0.0,0.0,0.0,0.0,0.0,0.0,2.0,1.0,2.0,2.0,' negativ
2.0,2.0,2.0,2.0,1.0,2.0,2.0,0.0,2.0,2.0,2.0,2.0,2.0,1.0,0.0,0.0,1.0,1.0,' negativ
2.0,2.0,1.0,2.0,2.0,0.0,2.0,0.0,2.0,2.0,2.0,2.0,2.0,1.0,1.0,0.0,2.0,2.0,' negativ
0.0,1.0,1.0,0.0,1.0,0.0,1.0,1.0,1.0,1.0,1.0,1.0,1.0,2.0,0.0,2.0,0.0,0.0,' negativ
1.0,0.0,0.0,1.0,1.0,2.0,0.0,2.0,0.0,0.0,0.0,0.0,0.0,0.0,2.0,1.0,2.0,2.0,' negativ
0.0,0.0,0.0,0.0,0.0,0.0,0.0,2.0,0.0,0.0,0.0,0.0,0.0,2.0,1.0,1.0,0.0,0.0,' negativ
1.0,1.0,0.0,1.0,2.0,2.0,0.0,2.0,0.0,1.0,0.0,0.0,1.0,1.0,2.0,1.0,2.0,2.0,' negativ
1.0,2.0,1.0,0.0,0.0,2.0,1.0,1.0,2.0,2.0,1.0,1.0,2.0,2.0,0.0,2.0,0.0,1.0,' negativ
2.0,0.0,1.0,2.0,2.0,0.0,2.0,0.0,2.0,0.0,1.0,2.0,0.0,1.0,0.0,0.0,2.0,2.0,' negativ
0.0,1.0,0.0,0.0,0.0,1.0,1.0,2.0,1.0,1.0,1.0,1.0,2.0,2.0,0.0,1.0,0.0,0.0,' negativ
2.0,2.0,2.0,2.0,0.0,2.0,2.0,0.0,2.0,2.0,2.0,2.0,2.0,1.0,2.0,2.0,1.0,1.0,' negativ
0.0,2.0,1.0,0.0,1.0,1.0,1.0,1.0,1.0,1.0,1.0,1.0,2.0,2.0,1.0,1.0,0.0,0.0,' negativ
1.0,0.0,1.0,1.0,1.0,1.0,1.0,1.0,1.0,0.0,1.0,1.0,0.0,0.0,1.0,2.0,2.0,2.0,' negativ
1.0,1.0,1.0,1.0,1.0,1.0,1.0,1.0,2.0,1.0,1.0,1.0,2.0,0.0,2.0,2.0,2.0,2.0,' negativ
0.0,1.0,0.0,0.0,1.0,1.0,1.0,2.0,1.0,1.0,0.0,0.0,1.0,2.0,2.0,0.0,0.0,0.0,' negativ
0.0,2.0,1.0,0.0,0.0,2.0,1.0,1.0,2.0,2.0,0.0,1.0,1.0,2.0,0.0,1.0,0.0,0.0,' negativ
1.0,0.0,1.0,0.0,0.0,1.0,0.0,2.0,0.0,0.0,0.0,0.0,0.0,2.0,1.0,2.0,0.0,0.0,' negativ
2.0,0.0,1.0,2.0,2.0,0.0,1.0,1.0,1.0,0.0,1.0,1.0,0.0,1.0,0.0,2.0,2.0,2.0,' negativ
2.0,0.0,0.0,0.0,0.0,1.0,0.0,2.0,0.0,0.0,0.0,0.0,0.0,2.0,2.0,1.0,0.0,0.0,' negativ
2.0,2.0,2.0,2.0,2.0,2.0,2.0,0.0,2.0,2.0,2.0,2.0,2.0,1.0,2.0,0.0,1.0,1.0,' negativ
1.0,1.0,0.0,1.0,2.0,0.0,0.0,2.0,0.0,1.0,0.0,0.0,1.0,0.0,2.0,1.0,2.0,2.0,' negativ
1.0,2.0,2.0,1.0,2.0,2.0,1.0,1.0,1.0,2.0,1.0,1.0,1.0,2.0,0.0,1.0,0.0,1.0,' negativ
1.0,1.0,0.0,1.0,0.0,1.0,1.0,1.0,1.0,1.0,1.0,1.0,1.0,0.0,2.0,2.0,2.0,2.0,' negativ
2.0,2.0,2.0,2.0,2.0,2.0,2.0,0.0,2.0,2.0,2.0,2.0,2.0,1.0,1.0,0.0,1.0,1.0,' negativ
1.0,0.0,0.0,0.0,0.0,0.0,0.0,2.0,0.0,0.0,0.0,0.0,0.0,0.0,2.0,1.0,2.0,2.0,' negativ
1.0,0.0,0.0,0.0,1.0,1.0,0.0,2.0,0.0,0.0,0.0,0.0,0.0,0.0,1.0,2.0,2.0,2.0,' negativ
0.0,1.0,1.0,0.0,0.0,1.0,1.0,2.0,1.0,1.0,1.0,1.0,1.0,2.0,1.0,2.0,0.0,0.0,' negativ
0.0,0.0,0.0,0.0,1.0,1.0,0.0,2.0,0.0,0.0,0.0,0.0,0.0,0.0,2.0,1.0,2.0,2.0,' negativ
0.0,0.0,0.0,0.0,0.0,0.0,0.0,2.0,0.0,0.0,0.0,0.0,0.0,2.0,0.0,1.0,0.0,0.0,' negativ
0.0,1.0,0.0,1.0,2.0,0.0,0.0,2.0,1.0,1.0,1.0,0.0,1.0,2.0,1.0,0.0,0.0,0.0,' negativ
1.0,1.0,2.0,1.0,1.0,2.0,1.0,2.0,1.0,2.0,0.0,1.0,0.0,0.0,0.0,2.0,2.0,2.0,' negativ
2.0,2.0,2.0,2.0,0.0,1.0,2.0,0.0,2.0,2.0,2.0,2.0,2.0,2.0,0.0,2.0,0.0,0.0,' negativ
0.0,2.0,1.0,0.0,1.0,0.0,0.0,2.0,1.0,1.0,0.0,1.0,1.0,2.0,2.0,0.0,1.0,0.0,' negativ
1.0,0.0,1.0,2.0,2.0,1.0,1.0,1.0,1.0,0.0,1.0,1.0,0.0,0.0,0.0,1.0,2.0,2.0,' negativ
2.0,1.0,2.0,2.0,1.0,1.0,2.0,0.0,2.0,1.0,2.0,2.0,0.0,0.0,0.0,0.0,2.0,2.0,' negativ
0.0,1.0,1.0,1.0,2.0,1.0,1.0,1.0,1.0,1.0,1.0,1.0,1.0,2.0,1.0,1.0,1.0,0.0,' negativ
1.0,2.0,1.0,0.0,0.0,2.0,1.0,1.0,2.0,2.0,1.0,1.0,1.0,2.0,2.0,2.0,0.0,0.0,' negativ
0.0,0.0,0.0,1.0,2.0,1.0,0.0,2.0,1.0,0.0,0.0,0.0,0.0,1.0,1.0,1.0,1.0,1.0,' negativ
0.0,1.0,2.0,0.0,0.0,2.0,1.0,1.0,1.0,1.0,1.0,1.0,1.0,1.0,1.0,0.0,1.0,1.0,' negativ
2.0,2.0,2.0,2.0,2.0,2.0,2.0,0.0,2.0,1.0,2.0,2.0,2.0,1.0,1.0,0.0,1.0,1.0,' negativ
2.0,0.0,0.0,0.0,0.0,1.0,0.0,2.0,0.0,0.0,0.0,0.0,0.0,0.0,1.0,1.0,1.0,1.0,' negativ
1.0,1.0,1.0,2.0,2.0,2.0,1.0,1.0,2.0,2.0,2.0,1.0,1.0,2.0,2.0,2.0,0.0,1.0,' negativ
0.0,1.0,1.0,1.0,2.0,0.0,1.0,1.0,1.0,0.0,1.0,1.0,1.0,2.0,1.0,1.0,1.0,1.0,' negativ
1.0,0.0,0.0,0.0,0.0,1.0,0.0,2.0,0.0,0.0,0.0,0.0,0.0,0.0,1.0,2.0,2.0,2.0,' negativ
2.0,2.0,2.0,1.0,0.0,0.0,2.0,0.0,2.0,2.0,2.0,2.0,2.0,2.0,2.0,1.0,0.0,0.0,' negativ
2.0,0.0,1.0,1.0,1.0,0.0,2.0,0.0,2.0,0.0,2.0,2.0,0.0,1.0,1.0,2.0,2.0,2.0,' negativ
1.0,1.0,1.0,1.0,1.0,1.0,1.0,1.0,1.0,0.0,1.0,1.0,1.0,0.0,2.0,0.0,2.0,1.0,' negativ
1.0,0.0,0.0,1.0,1.0,1.0,0.0,2.0,0.0,0.0,0.0,0.0,0.0,0.0,1.0,2.0,2.0,2.0,' negativ
0.0,1.0,0.0,0.0,1.0,1.0,1.0,2.0,1.0,1.0,1.0,1.0,2.0,2.0,0.0,0.0,0.0,0.0,' negativ
2.0,2.0,2.0,2.0,0.0,2.0,2.0,0.0,2.0,2.0,2.0,2.0,2.0,0.0,1.0,0.0,1.0,2.0,' negativ
2.0,2.0,2.0,2.0,1.0,2.0,2.0,0.0,2.0,2.0,2.0,2.0,2.0,0.0,2.0,0.0,2.0,2.0,' negativ
1.0,1.0,1.0,0.0,0.0,2.0,1.0,1.0,2.0,2.0,1.0,1.0,2.0,2.0,0.0,2.0,0.0,1.0,' negativ
2.0,2.0,2.0,2.0,2.0,2.0,2.0,0.0,2.0,2.0,2.0,2.0,2.0,0.0,2.0,2.0,2.0,2.0,' negativ
1.0,1.0,0.0,0.0,0.0,1.0,1.0,2.0,1.0,1.0,1.0,1.0,1.0,2.0,0.0,2.0,0.0,0.0,' negativ
1.0,0.0,0.0,0.0,0.0,1.0,0.0,2.0,0.0,1.0,0.0,0.0,0.0,2.0,2.0,0.0,0.0,0.0,' negativ
1.0,0.0,0.0,0.0,0.0,2.0,0.0,2.0,0.0,1.0,0.0,0.0,0.0,1.0,1.0,1.0,1.0,1.0,' negativ
1.0,0.0,0.0,0.0,0.0,0.0,0.0,2.0,0.0,0.0,0.0,0.0,0.0,2.0,2.0,0.0,0.0,0.0,' negativ
2.0,2.0,2.0,2.0,0.0,0.0,2.0,0.0,2.0,2.0,2.0,2.0,2.0,2.0,2.0,2.0,0.0,0.0,' negativ
0.0,1.0,0.0,0.0,0.0,1.0,1.0,2.0,1.0,1.0,1.0,0.0,1.0,2.0,1.0,0.0,0.0,0.0,' negativ
0.0,1.0,0.0,0.0,0.0,1.0,1.0,2.0,1.0,1.0,0.0,1.0,2.0,2.0,1.0,0.0,0.0,0.0,' negativ
1.0,1.0,1.0,0.0,0.0,0.0,1.0,2.0,1.0,1.0,1.0,1.0,1.0,0.0,2.0,2.0,1.0,1.0,' negativ
1.0,1.0,2.0,1.0,2.0,2.0,1.0,2.0,1.0,1.0,0.0,1.0,0.0,0.0,0.0,2.0,2.0,2.0,' negativ
2.0,1.0,1.0,1.0,1.0,1.0,0.0,2.0,0.0,1.0,0.0,0.0,1.0,0.0,2.0,0.0,2.0,2.0,' negativ
2.0,2.0,2.0,2.0,1.0,2.0,2.0,0.0,2.0,2.0,2.0,2.0,2.0,0.0,2.0,1.0,2.0,2.0,' negativ
2.0,2.0,2.0,2.0,2.0,2.0,2.0,0.0,2.0,2.0,2.0,2.0,2.0,1.0,2.0,2.0,1.0,2.0,' negativ
0.0,1.0,0.0,0.0,0.0,1.0,1.0,2.0,1.0,0.0,1.0,1.0,1.0,2.0,0.0,1.0,0.0,0.0,' negativ
2.0,2.0,2.0,2.0,0.0,1.0,2.0,0.0,2.0,2.0,2.0,2.0,2.0,2.0,2.0,1.0,1.0,0.0,' negativ
2.0,2.0,2.0,2.0,1.0,0.0,2.0,0.0,2.0,2.0,2.0,2.0,2.0,2.0,2.0,2.0,1.0,0.0,' negativ
2.0,1.0,2.0,1.0,1.0,2.0,1.0,2.0,1.0,1.0,0.0,1.0,1.0,0.0,2.0,2.0,2.0,2.0,' negativ
0.0,0.0,1.0,1.0,2.0,1.0,1.0,1.0,1.0,0.0,1.0,1.0,0.0,1.0,1.0,1.0,1.0,1.0,' negativ
1.0,0.0,1.0,1.0,1.0,1.0,0.0,2.0,1.0,0.0,1.0,0.0,0.0,1.0,1.0,1.0,2.0,1.0,' negativ
2.0,2.0,2.0,2.0,2.0,2.0,2.0,0.0,2.0,2.0,2.0,2.0,2.0,1.0,2.0,2.0,1.0,1.0,' negativ
2.0,1.0,2.0,1.0,1.0,2.0,0.0,2.0,1.0,1.0,0.0,0.0,1.0,0.0,2.0,0.0,2.0,2.0,' negativ
1.0,0.0,0.0,1.0,1.0,0.0,0.0,2.0,0.0,0.0,0.0,0.0,0.0,0.0,2.0,0.0,2.0,2.0,' negativ
2.0,2.0,2.0,2.0,2.0,1.0,2.0,0.0,2.0,1.0,2.0,2.0,1.0,0.0,0.0,2.0,1.0,2.0,' negativ
1.0,2.0,1.0,1.0,1.0,2.0,0.0,2.0,1.0,2.0,0.0,0.0,2.0,1.0,2.0,1.0,1.0,2.0,' negativ
0.0,2.0,0.0,1.0,2.0,0.0,1.0,1.0,1.0,1.0,1.0,1.0,2.0,2.0,1.0,0.0,0.0,0.0,' negativ
1.0,1.0,2.0,2.0,1.0,2.0,2.0,0.0,2.0,0.0,2.0,2.0,1.0,1.0,1.0,1.0,1.0,1.0,' negativ
1.0,1.0,1.0,1.0,2.0,1.0,1.0,1.0,1.0,1.0,1.0,1.0,1.0,0.0,2.0,0.0,2.0,2.0,' negativ
0.0,1.0,1.0,1.0,1.0,1.0,1.0,1.0,1.0,1.0,1.0,1.0,1.0,1.0,0.0,0.0,1.0,1.0,' negativ
2.0,2.0,2.0,2.0,1.0,2.0,2.0,0.0,2.0,2.0,2.0,2.0,1.0,0.0,1.0,0.0,2.0,2.0,' negativ
1.0,2.0,2.0,1.0,1.0,2.0,1.0,1.0,1.0,1.0,1.0,1.0,2.0,1.0,2.0,1.0,1.0,1.0,' negativ
0.0,1.0,1.0,1.0,1.0,1.0,1.0,1.0,1.0,1.0,1.0,1.0,1.0,2.0,2.0,2.0,0.0,0.0,' negativ
1.0,2.0,2.0,1.0,1.0,2.0,1.0,1.0,1.0,2.0,1.0,1.0,2.0,2.0,0.0,0.0,1.0,1.0,' negativ
0.0,1.0,0.0,1.0,2.0,0.0,0.0,2.0,1.0,1.0,0.0,0.0,1.0,2.0,1.0,0.0,0.0,0.0,' negativ
1.0,2.0,1.0,1.0,0.0,1.0,1.0,1.0,2.0,1.0,1.0,1.0,2.0,1.0,2.0,2.0,1.0,1.0,' negativ
2.0,0.0,1.0,2.0,2.0,0.0,2.0,0.0,2.0,0.0,2.0,2.0,0.0,1.0,0.0,0.0,2.0,2.0,' negativ
2.0,1.0,1.0,2.0,2.0,0.0,1.0,1.0,2.0,1.0,1.0,1.0,2.0,1.0,2.0,1.0,2.0,2.0,' negativ
2.0,2.0,2.0,1.0,2.0,2.0,1.0,1.0,2.0,1.0,1.0,1.0,1.0,0.0,0.0,1.0,2.0,2.0,' negativ
0.0,0.0,0.0,0.0,1.0,0.0,0.0,2.0,0.0,0.0,0.0,0.0,0.0,2.0,2.0,2.0,0.0,0.0,' negativ
2.0,2.0,2.0,2.0,1.0,0.0,2.0,0.0,2.0,2.0,2.0,2.0,2.0,2.0,0.0,2.0,1.0,0.0,' negativ
0.0,0.0,0.0,0.0,0.0,0.0,0.0,2.0,0.0,0.0,0.0,0.0,0.0,2.0,0.0,0.0,0.0,0.0,' negativ
0.0,2.0,1.0,0.0,1.0,1.0,1.0,1.0,1.0,1.0,1.0,1.0,2.0,2.0,0.0,2.0,0.0,0.0,' negativ
1.0,2.0,2.0,0.0,1.0,2.0,1.0,1.0,1.0,2.0,1.0,1.0,1.0,1.0,1.0,0.0,1.0,1.0,' negativ
2.0,2.0,2.0,2.0,1.0,2.0,2.0,0.0,2.0,2.0,2.0,2.0,2.0,1.0,1.0,2.0,1.0,2.0,' negativ
0.0,1.0,0.0,0.0,0.0,1.0,1.0,2.0,1.0,0.0,1.0,1.0,1.0,2.0,1.0,2.0,0.0,0.0,' negativ
1.0,0.0,0.0,1.0,2.0,2.0,0.0,2.0,0.0,0.0,0.0,0.0,0.0,0.0,1.0,1.0,2.0,2.0,' negativ
1.0,1.0,2.0,1.0,2.0,2.0,1.0,1.0,1.0,2.0,1.0,1.0,0.0,0.0,2.0,2.0,2.0,2.0,' negativ
0.0,2.0,1.0,1.0,2.0,0.0,1.0,1.0,1.0,1.0,1.0,1.0,2.0,1.0,2.0,0.0,1.0,1.0,' negativ
2.0,0.0,1.0,1.0,1.0,1.0,1.0,1.0,2.0,0.0,2.0,1.0,0.0,1.0,0.0,0.0,1.0,1.0,' negativ
2.0,2.0,2.0,2.0,0.0,0.0,2.0,0.0,2.0,2.0,2.0,2.0,2.0,2.0,2.0,0.0,0.0,0.0,' negativ
1.0,0.0,1.0,1.0,2.0,0.0,1.0,1.0,1.0,0.0,1.0,1.0,0.0,1.0,0.0,0.0,1.0,1.0,' negativ
2.0,0.0,0.0,2.0,2.0,0.0,2.0,0.0,2.0,0.0,2.0,2.0,0.0,1.0,1.0,2.0,2.0,2.0,' negativ
2.0,2.0,2.0,1.0,0.0,2.0,2.0,0.0,2.0,2.0,2.0,2.0,2.0,1.0,2.0,1.0,1.0,1.0,' negativ
2.0,0.0,1.0,1.0,1.0,1.0,0.0,2.0,0.0,1.0,0.0,0.0,0.0,0.0,2.0,0.0,2.0,2.0,' negativ
2.0,2.0,2.0,2.0,1.0,2.0,2.0,0.0,2.0,2.0,2.0,2.0,1.0,0.0,2.0,2.0,2.0,2.0,' negativ
0.0,0.0,1.0,1.0,2.0,1.0,1.0,1.0,1.0,0.0,1.0,1.0,0.0,0.0,0.0,2.0,2.0,2.0,' negativ
0.0,0.0,0.0,0.0,1.0,1.0,0.0,2.0,0.0,0.0,0.0,0.0,0.0,2.0,0.0,2.0,0.0,0.0,' negativ
0.0,1.0,1.0,1.0,2.0,1.0,0.0,2.0,1.0,1.0,0.0,0.0,1.0,1.0,1.0,0.0,1.0,1.0,' negativ
0.0,0.0,0.0,0.0,0.0,0.0,0.0,2.0,0.0,0.0,0.0,0.0,0.0,2.0,0.0,1.0,0.0,0.0,' negativ
0.0,0.0,1.0,1.0,1.0,0.0,0.0,2.0,0.0,0.0,0.0,0.0,0.0,0.0,1.0,2.0,2.0,2.0,' negativ
0.0,1.0,1.0,0.0,0.0,2.0,1.0,1.0,2.0,2.0,1.0,1.0,1.0,2.0,2.0,2.0,0.0,1.0,' negativ
2.0,0.0,1.0,2.0,2.0,0.0,1.0,1.0,1.0,0.0,1.0,1.0,0.0,0.0,0.0,2.0,2.0,2.0,' negativ
0.0,1.0,0.0,1.0,2.0,1.0,1.0,1.0,1.0,1.0,1.0,1.0,1.0,2.0,1.0,1.0,0.0,0.0,' negativ
2.0,0.0,0.0,0.0,0.0,0.0,0.0,2.0,0.0,0.0,0.0,0.0,0.0,2.0,1.0,0.0,0.0,0.0,' negativ
2.0,2.0,2.0,2.0,1.0,2.0,2.0,0.0,2.0,2.0,2.0,2.0,2.0,1.0,1.0,1.0,1.0,1.0,' negativ
0.0,1.0,0.0,0.0,0.0,1.0,1.0,2.0,1.0,1.0,1.0,1.0,2.0,2.0,2.0,0.0,0.0,0.0,' negativ
1.0,0.0,2.0,2.0,2.0,2.0,2.0,0.0,2.0,0.0,2.0,2.0,0.0,0.0,2.0,2.0,2.0,2.0,' negativ
1.0,0.0,0.0,0.0,0.0,1.0,0.0,2.0,0.0,0.0,0.0,0.0,0.0,0.0,1.0,2.0,2.0,2.0,' negativ
2.0,2.0,2.0,2.0,1.0,2.0,2.0,0.0,2.0,2.0,2.0,2.0,2.0,1.0,2.0,2.0,1.0,1.0,' negativ
0.0,0.0,2.0,1.0,1.0,2.0,2.0,0.0,2.0,0.0,2.0,2.0,0.0,0.0,2.0,2.0,2.0,2.0,' negativ
0.0,0.0,0.0,0.0,1.0,2.0,0.0,2.0,0.0,0.0,0.0,0.0,0.0,0.0,2.0,1.0,2.0,2.0,' negativ
2.0,2.0,2.0,2.0,2.0,0.0,2.0,0.0,2.0,1.0,2.0,2.0,2.0,2.0,1.0,1.0,2.0,0.0,' negativ
0.0,1.0,0.0,0.0,0.0,1.0,1.0,2.0,1.0,1.0,1.0,1.0,1.0,2.0,2.0,2.0,0.0,0.0,' negativ
0.0,0.0,0.0,0.0,1.0,0.0,0.0,2.0,0.0,0.0,0.0,0.0,0.0,0.0,1.0,2.0,2.0,2.0,' negativ
1.0,1.0,0.0,0.0,0.0,1.0,0.0,2.0,0.0,1.0,0.0,0.0,0.0,2.0,2.0,1.0,1.0,0.0,' negativ
0.0,0.0,1.0,0.0,0.0,1.0,1.0,2.0,1.0,0.0,0.0,1.0,1.0,2.0,2.0,0.0,0.0,0.0,' negativ
1.0,2.0,2.0,2.0,1.0,1.0,2.0,0.0,2.0,2.0,2.0,2.0,2.0,0.0,2.0,0.0,2.0,2.0,' negativ
1.0,2.0,1.0,0.0,1.0,2.0,1.0,1.0,2.0,2.0,1.0,1.0,2.0,2.0,2.0,1.0,0.0,0.0,' negativ
1.0,0.0,0.0,0.0,0.0,0.0,0.0,2.0,0.0,0.0,0.0,0.0,0.0,0.0,1.0,2.0,2.0,2.0,' negativ
2.0,2.0,2.0,2.0,2.0,2.0,2.0,0.0,2.0,2.0,2.0,2.0,2.0,0.0,2.0,1.0,2.0,2.0,' negativ
2.0,2.0,2.0,2.0,2.0,0.0,2.0,0.0,2.0,2.0,2.0,2.0,2.0,2.0,2.0,2.0,0.0,0.0,' negativ
1.0,2.0,1.0,0.0,1.0,2.0,1.0,1.0,2.0,2.0,1.0,1.0,1.0,2.0,2.0,0.0,0.0,0.0,' negativ
2.0,2.0,2.0,2.0,2.0,2.0,2.0,0.0,2.0,2.0,2.0,2.0,2.0,1.0,0.0,0.0,1.0,1.0,' negativ
2.0,2.0,2.0,2.0,2.0,0.0,2.0,0.0,2.0,2.0,2.0,2.0,2.0,2.0,1.0,2.0,2.0,1.0,' negativ
1.0,0.0,1.0,1.0,2.0,2.0,0.0,2.0,1.0,0.0,0.0,0.0,1.0,0.0,2.0,1.0,1.0,2.0,' negativ
1.0,2.0,1.0,2.0,2.0,1.0,1.0,1.0,1.0,1.0,1.0,1.0,2.0,1.0,2.0,1.0,2.0,2.0,' negativ
1.0,0.0,1.0,1.0,1.0,1.0,1.0,1.0,2.0,0.0,1.0,1.0,0.0,0.0,1.0,0.0,2.0,2.0,' negativ
1.0,0.0,1.0,2.0,1.0,2.0,1.0,1.0,2.0,0.0,1.0,1.0,0.0,0.0,2.0,2.0,2.0,2.0,' negativ
2.0,1.0,1.0,1.0,2.0,0.0,0.0,2.0,1.0,0.0,1.0,0.0,1.0,0.0,2.0,0.0,2.0,2.0,' negativ
0.0,1.0,0.0,0.0,1.0,1.0,1.0,2.0,1.0,1.0,1.0,0.0,1.0,2.0,0.0,2.0,0.0,0.0,' negativ
1.0,1.0,0.0,0.0,0.0,0.0,0.0,2.0,0.0,1.0,0.0,0.0,1.0,2.0,1.0,2.0,0.0,0.0,' negativ
1.0,0.0,0.0,1.0,1.0,0.0,0.0,2.0,0.0,0.0,0.0,0.0,1.0,0.0,2.0,0.0,2.0,2.0,' negativ
2.0,2.0,2.0,2.0,1.0,1.0,2.0,0.0,2.0,2.0,2.0,2.0,2.0,0.0,2.0,2.0,2.0,2.0,' negativ
2.0,2.0,1.0,2.0,2.0,1.0,2.0,0.0,2.0,1.0,2.0,2.0,1.0,1.0,2.0,0.0,2.0,2.0,' negativ
0.0,0.0,0.0,0.0,0.0,0.0,1.0,1.0,1.0,0.0,1.0,1.0,1.0,2.0,2.0,0.0,0.0,0.0,' negativ
0.0,1.0,1.0,1.0,2.0,1.0,1.0,2.0,1.0,1.0,1.0,1.0,1.0,2.0,2.0,1.0,0.0,0.0,' negativ
0.0,1.0,0.0,1.0,2.0,1.0,0.0,2.0,1.0,1.0,1.0,0.0,1.0,2.0,0.0,1.0,0.0,0.0,' negativ
2.0,2.0,2.0,1.0,1.0,2.0,2.0,0.0,2.0,2.0,2.0,2.0,2.0,2.0,2.0,2.0,1.0,1.0,' negativ
1.0,0.0,0.0,0.0,1.0,1.0,0.0,2.0,0.0,0.0,0.0,0.0,0.0,0.0,2.0,0.0,2.0,2.0,' negativ
1.0,1.0,0.0,1.0,1.0,1.0,0.0,2.0,0.0,1.0,0.0,0.0,1.0,1.0,0.0,1.0,1.0,1.0,' negativ
2.0,2.0,2.0,2.0,2.0,2.0,2.0,0.0,2.0,2.0,2.0,2.0,2.0,0.0,2.0,2.0,1.0,2.0,' negativ
2.0,2.0,2.0,2.0,1.0,2.0,2.0,0.0,2.0,2.0,2.0,2.0,2.0,1.0,2.0,0.0,1.0,1.0,' negativ
0.0,0.0,1.0,0.0,0.0,1.0,1.0,1.0,1.0,0.0,1.0,1.0,0.0,2.0,2.0,1.0,0.0,0.0,' negativ
2.0,2.0,2.0,2.0,0.0,2.0,2.0,0.0,2.0,2.0,2.0,2.0,2.0,1.0,1.0,1.0,1.0,2.0,' negativ
1.0,2.0,1.0,1.0,1.0,2.0,1.0,1.0,2.0,2.0,1.0,1.0,1.0,1.0,1.0,1.0,1.0,1.0,' negativ
1.0,1.0,2.0,2.0,2.0,0.0,2.0,0.0,2.0,1.0,2.0,2.0,1.0,1.0,1.0,1.0,2.0,2.0,' negativ
2.0,2.0,2.0,2.0,2.0,2.0,2.0,0.0,2.0,2.0,2.0,2.0,2.0,1.0,1.0,2.0,1.0,1.0,' negativ
1.0,2.0,1.0,2.0,1.0,1.0,2.0,1.0,2.0,1.0,2.0,2.0,2.0,0.0,2.0,2.0,1.0,2.0,' negativ
0.0,0.0,1.0,0.0,1.0,1.0,0.0,2.0,0.0,0.0,0.0,0.0,0.0,1.0,1.0,1.0,1.0,1.0,' negativ
1.0,2.0,1.0,0.0,1.0,2.0,1.0,1.0,2.0,2.0,1.0,1.0,2.0,2.0,0.0,0.0,0.0,1.0,' negativ
2.0,2.0,2.0,2.0,0.0,2.0,2.0,0.0,2.0,2.0,2.0,2.0,1.0,0.0,2.0,2.0,1.0,2.0,' negativ
0.0,1.0,0.0,0.0,0.0,0.0,1.0,2.0,1.0,1.0,1.0,1.0,1.0,2.0,1.0,1.0,0.0,0.0,' negativ
2.0,2.0,2.0,1.0,0.0,0.0,2.0,0.0,2.0,2.0,2.0,2.0,2.0,2.0,2.0,0.0,0.0,0.0,' negativ
1.0,1.0,1.0,2.0,2.0,0.0,1.0,1.0,1.0,1.0,1.0,1.0,2.0,0.0,1.0,0.0,2.0,2.0,' negativ
2.0,2.0,2.0,2.0,2.0,2.0,2.0,0.0,2.0,2.0,2.0,2.0,2.0,0.0,0.0,2.0,1.0,2.0,' negativ
1.0,1.0,1.0,0.0,0.0,2.0,1.0,1.0,1.0,1.0,1.0,1.0,1.0,1.0,0.0,0.0,1.0,1.0,' negativ
0.0,0.0,0.0,0.0,0.0,0.0,0.0,2.0,0.0,0.0,0.0,0.0,0.0,2.0,2.0,2.0,0.0,0.0,' negativ
2.0,2.0,2.0,1.0,0.0,2.0,2.0,0.0,2.0,2.0,2.0,2.0,2.0,1.0,0.0,2.0,1.0,2.0,' negativ
2.0,2.0,2.0,2.0,1.0,2.0,2.0,0.0,2.0,2.0,2.0,2.0,2.0,1.0,0.0,1.0,1.0,1.0,' negativ
2.0,2.0,2.0,2.0,0.0,2.0,2.0,0.0,2.0,2.0,2.0,2.0,2.0,2.0,1.0,1.0,1.0,1.0,' negativ
2.0,2.0,2.0,2.0,2.0,2.0,2.0,0.0,2.0,1.0,2.0,2.0,2.0,1.0,0.0,2.0,1.0,1.0,' negativ
1.0,0.0,1.0,1.0,1.0,1.0,1.0,2.0,1.0,0.0,1.0,1.0,0.0,0.0,0.0,2.0,1.0,2.0,' negativ
2.0,2.0,2.0,1.0,1.0,2.0,1.0,1.0,2.0,2.0,1.0,1.0,1.0,1.0,2.0,2.0,1.0,2.0,' negativ
2.0,2.0,2.0,2.0,1.0,2.0,2.0,0.0,2.0,2.0,2.0,2.0,2.0,1.0,2.0,2.0,1.0,1.0,' negativ
0.0,0.0,1.0,1.0,0.0,1.0,2.0,1.0,2.0,0.0,1.0,1.0,0.0,0.0,0.0,1.0,2.0,2.0,' negativ
2.0,2.0,2.0,2.0,0.0,2.0,2.0,0.0,2.0,2.0,2.0,2.0,2.0,1.0,0.0,2.0,1.0,2.0,' negativ
1.0,0.0,1.0,0.0,1.0,1.0,0.0,2.0,0.0,0.0,0.0,0.0,0.0,1.0,2.0,1.0,1.0,1.0,' negativ
0.0,0.0,0.0,0.0,1.0,0.0,0.0,2.0,0.0,0.0,0.0,0.0,0.0,2.0,0.0,2.0,0.0,0.0,' negativ
0.0,0.0,1.0,1.0,1.0,1.0,0.0,2.0,0.0,0.0,0.0,0.0,0.0,0.0,1.0,0.0,2.0,2.0,' negativ
1.0,0.0,1.0,0.0,1.0,0.0,0.0,2.0,0.0,0.0,0.0,0.0,0.0,1.0,0.0,0.0,1.0,0.0,' negativ
1.0,1.0,1.0,2.0,2.0,2.0,1.0,2.0,1.0,1.0,2.0,1.0,1.0,2.0,1.0,1.0,1.0,1.0,' negativ
0.0,1.0,0.0,0.0,0.0,1.0,1.0,2.0,1.0,1.0,1.0,1.0,1.0,2.0,2.0,1.0,0.0,0.0,' negativ
2.0,2.0,2.0,1.0,0.0,1.0,2.0,0.0,2.0,2.0,2.0,2.0,2.0,2.0,1.0,2.0,0.0,0.0,' negativ
1.0,0.0,0.0,0.0,0.0,1.0,0.0,2.0,0.0,0.0,0.0,0.0,0.0,2.0,2.0,1.0,0.0,0.0,' negativ
2.0,1.0,2.0,1.0,2.0,2.0,1.0,1.0,2.0,1.0,1.0,1.0,0.0,0.0,2.0,1.0,2.0,2.0,' negativ
0.0,0.0,0.0,0.0,1.0,1.0,0.0,2.0,0.0,0.0,0.0,0.0,0.0,0.0,2.0,1.0,2.0,2.0,' negativ
2.0,2.0,2.0,2.0,2.0,2.0,2.0,0.0,2.0,2.0,2.0,2.0,1.0,0.0,1.0,1.0,1.0,1.0,' negativ
2.0,2.0,2.0,2.0,0.0,0.0,2.0,0.0,2.0,2.0,2.0,2.0,2.0,2.0,2.0,1.0,0.0,0.0,' negativ
1.0,1.0,1.0,2.0,2.0,1.0,1.0,1.0,1.0,1.0,1.0,1.0,1.0,1.0,2.0,0.0,2.0,2.0,' negativ
0.0,1.0,0.0,2.0,2.0,2.0,1.0,1.0,1.0,1.0,1.0,1.0,1.0,2.0,0.0,1.0,1.0,0.0,' negativ
0.0,1.0,2.0,0.0,0.0,2.0,1.0,1.0,2.0,2.0,1.0,1.0,1.0,2.0,2.0,1.0,0.0,1.0,' negativ
1.0,0.0,1.0,2.0,2.0,1.0,1.0,1.0,1.0,0.0,1.0,1.0,0.0,1.0,1.0,0.0,2.0,2.0,' negativ
0.0,0.0,0.0,0.0,0.0,0.0,0.0,2.0,0.0,0.0,0.0,0.0,0.0,2.0,2.0,0.0,0.0,0.0,' negativ
0.0,1.0,0.0,0.0,0.0,1.0,0.0,2.0,1.0,1.0,1.0,0.0,2.0,2.0,0.0,1.0,0.0,0.0,' negativ
0.0,2.0,2.0,2.0,2.0,2.0,2.0,0.0,2.0,2.0,2.0,2.0,2.0,0.0,2.0,1.0,2.0,2.0,' negativ
2.0,2.0,2.0,2.0,2.0,0.0,2.0,0.0,2.0,2.0,2.0,2.0,2.0,2.0,2.0,1.0,1.0,0.0,' negativ
0.0,1.0,0.0,0.0,0.0,1.0,1.0,2.0,1.0,1.0,1.0,0.0,1.0,2.0,0.0,0.0,0.0,0.0,' negativ
2.0,2.0,2.0,2.0,0.0,2.0,2.0,0.0,2.0,2.0,2.0,2.0,2.0,1.0,1.0,0.0,1.0,1.0,' negativ
1.0,1.0,1.0,0.0,0.0,0.0,0.0,2.0,1.0,0.0,1.0,0.0,1.0,1.0,2.0,2.0,1.0,2.0,' negativ
2.0,0.0,0.0,2.0,2.0,0.0,1.0,1.0,1.0,0.0,1.0,1.0,0.0,1.0,1.0,2.0,2.0,2.0,' negativ
0.0,1.0,0.0,0.0,0.0,0.0,1.0,2.0,1.0,1.0,1.0,1.0,1.0,2.0,1.0,1.0,0.0,0.0,' negativ
2.0,0.0,0.0,1.0,2.0,1.0,0.0,2.0,0.0,0.0,0.0,0.0,0.0,0.0,1.0,0.0,2.0,2.0,' negativ
1.0,2.0,1.0,0.0,0.0,2.0,1.0,1.0,2.0,2.0,1.0,1.0,1.0,2.0,0.0,1.0,0.0,1.0,' negativ
2.0,2.0,2.0,2.0,1.0,2.0,2.0,0.0,2.0,2.0,2.0,2.0,2.0,1.0,0.0,1.0,1.0,2.0,' negativ
1.0,2.0,1.0,1.0,1.0,1.0,2.0,1.0,2.0,1.0,1.0,2.0,1.0,0.0,2.0,1.0,2.0,2.0,' negativ
0.0,0.0,0.0,0.0,1.0,0.0,0.0,2.0,0.0,0.0,0.0,0.0,0.0,1.0,1.0,1.0,1.0,0.0,' negativ
0.0,1.0,0.0,0.0,0.0,1.0,1.0,2.0,1.0,1.0,1.0,1.0,1.0,2.0,1.0,0.0,0.0,0.0,' negativ
2.0,2.0,2.0,2.0,2.0,0.0,2.0,0.0,2.0,2.0,2.0,2.0,2.0,1.0,1.0,1.0,2.0,1.0,' negativ
0.0,0.0,0.0,0.0,0.0,0.0,0.0,2.0,0.0,0.0,0.0,0.0,0.0,0.0,0.0,2.0,2.0,2.0,' negativ
2.0,2.0,2.0,1.0,0.0,2.0,2.0,0.0,2.0,2.0,2.0,2.0,2.0,1.0,2.0,2.0,1.0,2.0,' negativ
0.0,0.0,1.0,0.0,0.0,1.0,0.0,2.0,0.0,0.0,0.0,0.0,0.0,1.0,2.0,2.0,0.0,0.0,' negativ
1.0,0.0,1.0,1.0,1.0,1.0,0.0,2.0,1.0,0.0,0.0,0.0,0.0,0.0,0.0,1.0,1.0,1.0,' negativ
2.0,2.0,2.0,2.0,2.0,2.0,2.0,0.0,2.0,2.0,2.0,2.0,2.0,2.0,2.0,1.0,1.0,1.0,' negativ
0.0,1.0,0.0,0.0,0.0,1.0,1.0,2.0,1.0,1.0,1.0,1.0,1.0,2.0,0.0,1.0,0.0,0.0,' negativ
0.0,0.0,0.0,0.0,0.0,1.0,0.0,2.0,0.0,0.0,0.0,0.0,0.0,1.0,0.0,2.0,0.0,0.0,' negativ
1.0,2.0,1.0,2.0,2.0,0.0,2.0,0.0,2.0,2.0,2.0,2.0,2.0,1.0,0.0,0.0,1.0,1.0,' negativ
1.0,0.0,1.0,2.0,1.0,1.0,2.0,0.0,2.0,0.0,2.0,2.0,1.0,1.0,0.0,2.0,1.0,1.0,' negativ
0.0,1.0,0.0,0.0,0.0,0.0,0.0,2.0,0.0,1.0,0.0,0.0,1.0,0.0,2.0,0.0,2.0,2.0,' negativ
2.0,1.0,1.0,1.0,0.0,0.0,2.0,0.0,2.0,0.0,2.0,2.0,1.0,2.0,0.0,0.0,2.0,1.0,' negativ
2.0,2.0,1.0,2.0,2.0,1.0,2.0,0.0,2.0,1.0,1.0,2.0,1.0,0.0,2.0,1.0,2.0,2.0,' negativ
1.0,0.0,1.0,1.0,2.0,1.0,0.0,2.0,0.0,0.0,0.0,0.0,0.0,0.0,1.0,1.0,2.0,2.0,' negativ
2.0,2.0,2.0,2.0,2.0,2.0,2.0,0.0,2.0,2.0,2.0,2.0,2.0,1.0,2.0,2.0,1.0,2.0,' negativ
0.0,0.0,0.0,0.0,1.0,0.0,0.0,2.0,0.0,0.0,0.0,0.0,0.0,0.0,2.0,1.0,2.0,2.0,' negativ
0.0,0.0,1.0,0.0,0.0,2.0,0.0,2.0,0.0,0.0,0.0,0.0,0.0,0.0,0.0,2.0,1.0,2.0,' negativ
0.0,1.0,0.0,0.0,0.0,0.0,1.0,2.0,1.0,0.0,1.0,0.0,1.0,2.0,0.0,2.0,0.0,0.0,' negativ
1.0,2.0,2.0,0.0,0.0,2.0,1.0,1.0,2.0,2.0,1.0,1.0,2.0,2.0,0.0,1.0,0.0,1.0,' negativ
0.0,0.0,0.0,0.0,0.0,0.0,0.0,2.0,0.0,0.0,0.0,0.0,0.0,2.0,1.0,1.0,0.0,0.0,' negativ
1.0,0.0,1.0,2.0,2.0,0.0,1.0,1.0,2.0,0.0,1.0,1.0,0.0,0.0,0.0,2.0,2.0,2.0,' negativ
0.0,0.0,0.0,1.0,0.0,0.0,0.0,2.0,0.0,0.0,0.0,0.0,0.0,0.0,2.0,2.0,2.0,2.0,' negativ
1.0,1.0,0.0,1.0,1.0,1.0,0.0,2.0,0.0,0.0,0.0,0.0,0.0,0.0,2.0,2.0,2.0,2.0,' negativ
0.0,0.0,0.0,0.0,0.0,0.0,0.0,2.0,0.0,0.0,0.0,0.0,0.0,2.0,2.0,2.0,0.0,0.0,' negativ
2.0,2.0,2.0,1.0,0.0,2.0,2.0,0.0,2.0,2.0,2.0,2.0,2.0,2.0,0.0,0.0,0.0,1.0,' negativ
1.0,2.0,1.0,0.0,1.0,2.0,1.0,1.0,1.0,2.0,1.0,1.0,2.0,2.0,0.0,0.0,1.0,1.0,' negativ
0.0,1.0,0.0,1.0,2.0,0.0,0.0,2.0,0.0,1.0,0.0,0.0,1.0,0.0,2.0,0.0,1.0,1.0,' negativ
0.0,1.0,1.0,1.0,2.0,1.0,0.0,2.0,1.0,0.0,0.0,0.0,1.0,1.0,1.0,0.0,1.0,1.0,' negativ
2.0,2.0,2.0,2.0,2.0,1.0,2.0,0.0,2.0,2.0,2.0,2.0,2.0,1.0,2.0,1.0,2.0,2.0,' negativ
2.0,2.0,2.0,2.0,0.0,2.0,2.0,0.0,2.0,2.0,2.0,2.0,1.0,0.0,0.0,1.0,1.0,2.0,' negativ
2.0,2.0,2.0,2.0,2.0,2.0,2.0,0.0,2.0,2.0,2.0,2.0,2.0,0.0,0.0,2.0,2.0,2.0,' negativ
2.0,0.0,0.0,0.0,0.0,1.0,0.0,2.0,0.0,1.0,0.0,0.0,1.0,2.0,1.0,1.0,0.0,0.0,' negativ
0.0,1.0,0.0,0.0,0.0,0.0,1.0,2.0,1.0,1.0,0.0,1.0,1.0,2.0,1.0,1.0,0.0,0.0,' negativ
2.0,2.0,1.0,2.0,2.0,1.0,2.0,0.0,2.0,2.0,2.0,2.0,2.0,1.0,0.0,1.0,2.0,2.0,' negativ
2.0,2.0,2.0,2.0,2.0,2.0,2.0,0.0,2.0,2.0,2.0,2.0,2.0,0.0,2.0,0.0,1.0,1.0,' negativ
1.0,2.0,2.0,2.0,1.0,2.0,2.0,0.0,2.0,2.0,2.0,2.0,2.0,0.0,1.0,0.0,1.0,2.0,' negativ
0.0,1.0,1.0,2.0,2.0,1.0,1.0,1.0,1.0,1.0,1.0,1.0,1.0,2.0,1.0,1.0,1.0,0.0,' negativ
2.0,1.0,1.0,2.0,2.0,0.0,2.0,0.0,2.0,0.0,2.0,2.0,1.0,0.0,1.0,0.0,2.0,2.0,' negativ
0.0,1.0,1.0,1.0,1.0,1.0,1.0,1.0,1.0,0.0,1.0,1.0,1.0,1.0,2.0,0.0,1.0,1.0,' negativ
2.0,0.0,1.0,2.0,1.0,1.0,1.0,1.0,2.0,0.0,1.0,1.0,0.0,0.0,0.0,2.0,2.0,2.0,' negativ
2.0,0.0,2.0,2.0,1.0,2.0,2.0,0.0,2.0,0.0,2.0,2.0,0.0,0.0,1.0,0.0,2.0,2.0,' negativ
0.0,1.0,1.0,1.0,2.0,1.0,1.0,1.0,1.0,1.0,1.0,1.0,1.0,2.0,0.0,2.0,1.0,1.0,' negativ
1.0,1.0,2.0,1.0,1.0,2.0,1.0,1.0,2.0,2.0,1.0,1.0,1.0,2.0,2.0,2.0,0.0,1.0,' negativ
1.0,0.0,1.0,1.0,1.0,1.0,0.0,2.0,0.0,0.0,0.0,0.0,0.0,0.0,2.0,2.0,2.0,2.0,' negativ
0.0,0.0,0.0,0.0,1.0,1.0,0.0,2.0,0.0,0.0,0.0,0.0,0.0,0.0,0.0,0.0,2.0,2.0,' negativ
1.0,1.0,1.0,1.0,2.0,1.0,0.0,2.0,0.0,1.0,0.0,0.0,1.0,0.0,1.0,0.0,2.0,2.0,' negativ
1.0,2.0,2.0,1.0,2.0,2.0,2.0,1.0,2.0,2.0,1.0,1.0,2.0,1.0,2.0,0.0,1.0,1.0,' negativ
2.0,1.0,2.0,2.0,1.0,2.0,2.0,0.0,2.0,1.0,2.0,2.0,0.0,0.0,2.0,1.0,2.0,2.0,' negativ
1.0,2.0,2.0,1.0,2.0,2.0,1.0,1.0,2.0,2.0,1.0,1.0,2.0,0.0,2.0,2.0,1.0,2.0,' negativ
2.0,2.0,2.0,2.0,1.0,2.0,2.0,0.0,2.0,2.0,2.0,2.0,2.0,0.0,2.0,0.0,1.0,2.0,' negativ
2.0,0.0,1.0,2.0,1.0,2.0,2.0,0.0,2.0,1.0,2.0,2.0,0.0,0.0,2.0,2.0,2.0,2.0,' negativ
2.0,2.0,2.0,2.0,1.0,1.0,2.0,0.0,2.0,1.0,2.0,2.0,2.0,1.0,2.0,0.0,2.0,0.0,' negativ
1.0,0.0,0.0,1.0,1.0,1.0,0.0,2.0,1.0,0.0,1.0,0.0,0.0,0.0,0.0,0.0,2.0,2.0,' negativ
2.0,2.0,1.0,2.0,2.0,0.0,2.0,0.0,2.0,2.0,2.0,2.0,2.0,2.0,1.0,2.0,2.0,1.0,' negativ
0.0,1.0,0.0,0.0,0.0,1.0,0.0,2.0,1.0,1.0,1.0,0.0,2.0,2.0,2.0,0.0,0.0,0.0,' negativ
1.0,0.0,1.0,2.0,2.0,1.0,1.0,1.0,1.0,0.0,1.0,1.0,0.0,1.0,2.0,1.0,1.0,1.0,' negativ
2.0,2.0,1.0,1.0,2.0,2.0,1.0,1.0,2.0,2.0,1.0,1.0,1.0,1.0,2.0,0.0,0.0,1.0,' negativ
2.0,2.0,0.0,2.0,2.0,0.0,2.0,0.0,2.0,1.0,1.0,2.0,1.0,0.0,2.0,1.0,2.0,2.0,' negativ
1.0,2.0,1.0,0.0,1.0,2.0,1.0,1.0,2.0,2.0,1.0,1.0,2.0,2.0,0.0,1.0,0.0,1.0,' negativ
2.0,2.0,2.0,2.0,0.0,0.0,2.0,0.0,2.0,2.0,2.0,2.0,2.0,2.0,2.0,1.0,0.0,0.0,' negativ
2.0,0.0,1.0,2.0,2.0,0.0,2.0,0.0,2.0,0.0,2.0,2.0,0.0,1.0,0.0,2.0,2.0,2.0,' negativ
0.0,0.0,0.0,1.0,1.0,1.0,0.0,2.0,0.0,0.0,0.0,0.0,0.0,0.0,0.0,0.0,2.0,2.0,' negativ
2.0,2.0,2.0,2.0,2.0,0.0,2.0,0.0,2.0,2.0,2.0,2.0,2.0,2.0,2.0,2.0,0.0,0.0,' negativ
0.0,1.0,1.0,1.0,2.0,0.0,0.0,2.0,1.0,1.0,1.0,0.0,2.0,1.0,2.0,1.0,1.0,0.0,' negativ
1.0,2.0,1.0,0.0,0.0,2.0,1.0,1.0,2.0,2.0,1.0,1.0,1.0,2.0,0.0,2.0,0.0,1.0,' negativ
1.0,0.0,0.0,0.0,0.0,1.0,0.0,2.0,0.0,1.0,0.0,0.0,1.0,2.0,2.0,2.0,0.0,0.0,' negativ
0.0,1.0,1.0,1.0,2.0,1.0,1.0,2.0,1.0,1.0,1.0,1.0,1.0,1.0,0.0,0.0,0.0,0.0,' negativ
1.0,2.0,1.0,1.0,1.0,1.0,2.0,1.0,2.0,1.0,2.0,2.0,2.0,1.0,2.0,0.0,1.0,1.0,' negativ
2.0,2.0,2.0,2.0,1.0,2.0,2.0,0.0,2.0,2.0,2.0,2.0,2.0,1.0,2.0,2.0,1.0,2.0,' negativ
2.0,2.0,1.0,2.0,1.0,1.0,2.0,0.0,2.0,2.0,2.0,2.0,2.0,0.0,2.0,0.0,2.0,2.0,' negativ
1.0,1.0,1.0,1.0,2.0,1.0,0.0,2.0,0.0,1.0,0.0,0.0,1.0,0.0,2.0,1.0,2.0,2.0,' negativ
2.0,2.0,2.0,2.0,0.0,2.0,2.0,0.0,2.0,2.0,2.0,2.0,2.0,1.0,1.0,0.0,1.0,1.0,' negativ
1.0,0.0,0.0,0.0,1.0,0.0,0.0,2.0,0.0,0.0,0.0,0.0,0.0,0.0,1.0,2.0,2.0,2.0,' negativ
2.0,1.0,2.0,2.0,2.0,2.0,2.0,0.0,2.0,0.0,2.0,2.0,0.0,0.0,0.0,2.0,2.0,2.0,' negativ
2.0,2.0,2.0,2.0,1.0,0.0,2.0,0.0,2.0,2.0,2.0,2.0,2.0,2.0,2.0,2.0,1.0,0.0,' negativ
1.0,1.0,0.0,2.0,2.0,1.0,1.0,1.0,1.0,1.0,1.0,1.0,1.0,0.0,2.0,0.0,2.0,2.0,' negativ
2.0,2.0,2.0,2.0,2.0,2.0,2.0,0.0,2.0,2.0,2.0,2.0,2.0,1.0,2.0,2.0,1.0,2.0,' negativ
2.0,2.0,1.0,2.0,2.0,0.0,2.0,0.0,2.0,1.0,1.0,2.0,2.0,1.0,2.0,1.0,2.0,2.0,' negativ
2.0,2.0,2.0,1.0,0.0,2.0,2.0,0.0,2.0,2.0,2.0,2.0,2.0,1.0,2.0,2.0,1.0,2.0,' negativ
1.0,0.0,1.0,1.0,1.0,1.0,2.0,1.0,2.0,0.0,2.0,2.0,0.0,1.0,0.0,2.0,1.0,2.0,' negativ
1.0,1.0,2.0,1.0,2.0,2.0,1.0,1.0,2.0,2.0,1.0,1.0,1.0,1.0,2.0,1.0,1.0,1.0,' negativ
1.0,1.0,2.0,1.0,1.0,2.0,1.0,1.0,2.0,2.0,1.0,1.0,1.0,0.0,0.0,0.0,1.0,2.0,' negativ
2.0,2.0,2.0,2.0,2.0,2.0,2.0,0.0,2.0,2.0,2.0,2.0,2.0,1.0,0.0,2.0,1.0,1.0,' negativ
2.0,2.0,2.0,1.0,0.0,1.0,2.0,0.0,2.0,2.0,2.0,2.0,2.0,2.0,1.0,2.0,0.0,0.0,' negativ
0.0,1.0,1.0,1.0,2.0,1.0,0.0,2.0,0.0,1.0,1.0,0.0,1.0,1.0,0.0,0.0,1.0,2.0,' negativ
2.0,2.0,2.0,2.0,0.0,0.0,2.0,0.0,2.0,2.0,2.0,2.0,2.0,2.0,0.0,2.0,0.0,0.0,' negativ
0.0,0.0,0.0,0.0,0.0,1.0,0.0,2.0,0.0,0.0,0.0,0.0,1.0,2.0,0.0,1.0,0.0,0.0,' negativ
0.0,0.0,1.0,0.0,0.0,1.0,1.0,1.0,1.0,0.0,1.0,1.0,0.0,1.0,2.0,1.0,1.0,0.0,' negativ
2.0,2.0,2.0,1.0,0.0,1.0,2.0,0.0,2.0,2.0,2.0,2.0,2.0,2.0,2.0,2.0,1.0,0.0,' negativ
2.0,2.0,2.0,2.0,1.0,0.0,2.0,0.0,2.0,2.0,2.0,2.0,2.0,2.0,2.0,1.0,1.0,0.0,' negativ
2.0,1.0,2.0,1.0,2.0,2.0,1.0,1.0,1.0,1.0,0.0,1.0,1.0,0.0,1.0,1.0,2.0,2.0,' negativ
2.0,2.0,2.0,1.0,2.0,2.0,1.0,1.0,1.0,1.0,1.0,1.0,1.0,0.0,2.0,2.0,2.0,2.0,' negativ
1.0,1.0,0.0,0.0,1.0,2.0,0.0,2.0,0.0,1.0,0.0,0.0,1.0,0.0,1.0,0.0,1.0,1.0,' negativ
1.0,2.0,2.0,1.0,2.0,2.0,1.0,1.0,1.0,1.0,1.0,1.0,1.0,0.0,0.0,0.0,2.0,2.0,' negativ
0.0,0.0,0.0,0.0,0.0,0.0,0.0,2.0,0.0,0.0,0.0,0.0,0.0,2.0,2.0,0.0,0.0,0.0,' negativ
2.0,0.0,1.0,2.0,2.0,0.0,1.0,1.0,2.0,0.0,2.0,1.0,0.0,1.0,1.0,2.0,2.0,2.0,' negativ
1.0,0.0,0.0,1.0,1.0,1.0,0.0,2.0,0.0,1.0,0.0,0.0,0.0,0.0,1.0,1.0,2.0,2.0,' negativ
0.0,0.0,0.0,0.0,0.0,0.0,0.0,2.0,0.0,0.0,0.0,0.0,0.0,0.0,2.0,0.0,1.0,1.0,' negativ
0.0,1.0,0.0,0.0,1.0,1.0,1.0,2.0,1.0,1.0,0.0,1.0,1.0,2.0,1.0,1.0,0.0,0.0,' negativ
1.0,2.0,2.0,0.0,0.0,2.0,1.0,1.0,2.0,2.0,1.0,1.0,2.0,2.0,1.0,0.0,0.0,0.0,' negativ
2.0,1.0,2.0,2.0,1.0,2.0,2.0,0.0,2.0,1.0,2.0,2.0,1.0,0.0,2.0,2.0,2.0,2.0,' negativ
1.0,1.0,0.0,1.0,2.0,1.0,0.0,2.0,0.0,1.0,0.0,0.0,1.0,2.0,1.0,0.0,1.0,0.0,' negativ
2.0,2.0,2.0,2.0,2.0,2.0,2.0,0.0,2.0,2.0,2.0,2.0,2.0,1.0,0.0,2.0,1.0,1.0,' negativ
0.0,1.0,0.0,0.0,0.0,1.0,1.0,2.0,1.0,1.0,1.0,1.0,1.0,2.0,0.0,1.0,0.0,0.0,' negativ
1.0,2.0,2.0,2.0,2.0,2.0,2.0,0.0,2.0,1.0,2.0,2.0,2.0,1.0,1.0,1.0,1.0,1.0,' negativ
0.0,1.0,0.0,0.0,0.0,1.0,1.0,2.0,1.0,1.0,1.0,1.0,2.0,2.0,1.0,2.0,0.0,0.0,' negativ
2.0,2.0,2.0,2.0,2.0,2.0,2.0,0.0,2.0,2.0,2.0,2.0,1.0,0.0,0.0,1.0,2.0,2.0,' negativ
1.0,2.0,2.0,2.0,2.0,2.0,2.0,0.0,2.0,2.0,2.0,2.0,2.0,1.0,0.0,0.0,1.0,1.0,' negativ
0.0,1.0,0.0,0.0,1.0,1.0,1.0,2.0,1.0,1.0,1.0,1.0,0.0,2.0,1.0,1.0,1.0,0.0,' negativ
2.0,0.0,1.0,2.0,2.0,0.0,2.0,0.0,2.0,0.0,2.0,2.0,0.0,1.0,0.0,0.0,2.0,2.0,' negativ
2.0,0.0,0.0,0.0,0.0,1.0,0.0,2.0,0.0,0.0,0.0,0.0,0.0,2.0,2.0,2.0,0.0,0.0,' negativ
0.0,1.0,0.0,1.0,1.0,1.0,0.0,2.0,0.0,1.0,0.0,0.0,1.0,0.0,1.0,0.0,2.0,2.0,' negativ
0.0,1.0,2.0,2.0,2.0,2.0,2.0,0.0,2.0,0.0,2.0,2.0,1.0,1.0,0.0,2.0,1.0,1.0,' negativ
0.0,0.0,0.0,0.0,0.0,0.0,0.0,2.0,0.0,0.0,0.0,0.0,0.0,1.0,2.0,2.0,1.0,0.0,' negativ
0.0,1.0,0.0,0.0,0.0,0.0,0.0,2.0,1.0,1.0,0.0,0.0,1.0,2.0,1.0,1.0,0.0,0.0,' negativ
1.0,0.0,0.0,0.0,0.0,2.0,0.0,2.0,0.0,0.0,0.0,0.0,0.0,1.0,0.0,1.0,1.0,0.0,' negativ
0.0,1.0,0.0,0.0,0.0,0.0,0.0,2.0,1.0,1.0,0.0,0.0,1.0,2.0,2.0,0.0,0.0,0.0,' negativ
0.0,1.0,0.0,1.0,2.0,2.0,0.0,2.0,0.0,1.0,0.0,0.0,1.0,0.0,1.0,0.0,2.0,2.0,' negativ
2.0,2.0,2.0,1.0,0.0,2.0,2.0,0.0,2.0,2.0,2.0,2.0,2.0,0.0,1.0,2.0,1.0,1.0,' negativ
0.0,0.0,0.0,0.0,0.0,0.0,0.0,2.0,0.0,0.0,0.0,0.0,1.0,2.0,2.0,1.0,0.0,0.0,' negativ
0.0,0.0,0.0,0.0,0.0,1.0,0.0,2.0,0.0,0.0,0.0,0.0,0.0,0.0,2.0,1.0,2.0,2.0,' negativ
2.0,2.0,2.0,2.0,1.0,2.0,2.0,0.0,2.0,2.0,2.0,2.0,2.0,2.0,2.0,1.0,1.0,1.0,' negativ
1.0,0.0,1.0,2.0,2.0,0.0,1.0,1.0,1.0,0.0,1.0,1.0,0.0,1.0,1.0,2.0,2.0,2.0,' negativ
0.0,0.0,1.0,1.0,1.0,1.0,0.0,2.0,1.0,1.0,1.0,0.0,1.0,1.0,1.0,2.0,1.0,1.0,' negativ
0.0,0.0,0.0,0.0,0.0,0.0,0.0,2.0,0.0,0.0,0.0,0.0,0.0,2.0,2.0,0.0,1.0,0.0,' negativ
1.0,2.0,2.0,2.0,2.0,1.0,2.0,0.0,2.0,2.0,2.0,2.0,2.0,1.0,2.0,2.0,2.0,2.0,' negativ
2.0,2.0,2.0,2.0,1.0,2.0,2.0,0.0,2.0,2.0,2.0,2.0,2.0,0.0,0.0,0.0,2.0,2.0,' negativ
0.0,1.0,0.0,1.0,2.0,1.0,1.0,2.0,1.0,1.0,1.0,1.0,1.0,2.0,0.0,0.0,0.0,0.0,' negativ
0.0,2.0,0.0,0.0,1.0,0.0,1.0,1.0,1.0,1.0,1.0,1.0,1.0,1.0,1.0,0.0,1.0,0.0,' negativ
2.0,0.0,1.0,2.0,2.0,0.0,2.0,0.0,2.0,0.0,2.0,2.0,0.0,1.0,0.0,0.0,2.0,2.0,' negativ
1.0,2.0,1.0,0.0,0.0,2.0,1.0,1.0,2.0,2.0,1.0,1.0,2.0,2.0,0.0,0.0,0.0,0.0,' negativ
0.0,1.0,0.0,0.0,0.0,1.0,1.0,2.0,1.0,1.0,1.0,1.0,1.0,2.0,1.0,2.0,0.0,0.0,' negativ
0.0,1.0,0.0,1.0,2.0,2.0,1.0,2.0,1.0,1.0,1.0,1.0,2.0,2.0,0.0,1.0,0.0,0.0,' negativ
1.0,2.0,2.0,1.0,2.0,2.0,1.0,1.0,2.0,2.0,1.0,1.0,2.0,1.0,1.0,2.0,1.0,1.0,' negativ
2.0,1.0,2.0,2.0,2.0,2.0,2.0,0.0,2.0,1.0,2.0,2.0,1.0,1.0,1.0,2.0,1.0,1.0,' negativ
2.0,2.0,2.0,2.0,2.0,2.0,2.0,0.0,2.0,2.0,2.0,2.0,2.0,1.0,1.0,2.0,1.0,1.0,' negativ
2.0,0.0,1.0,1.0,2.0,2.0,0.0,2.0,1.0,1.0,0.0,0.0,0.0,0.0,1.0,1.0,2.0,2.0,' negativ
2.0,2.0,2.0,2.0,2.0,2.0,2.0,0.0,2.0,2.0,2.0,2.0,2.0,0.0,2.0,2.0,1.0,2.0,' negativ
2.0,2.0,2.0,2.0,1.0,2.0,2.0,0.0,2.0,2.0,2.0,2.0,2.0,1.0,2.0,1.0,1.0,1.0,' negativ
0.0,0.0,2.0,1.0,0.0,1.0,1.0,1.0,2.0,0.0,1.0,1.0,1.0,1.0,0.0,2.0,0.0,0.0,' negativ
2.0,2.0,2.0,2.0,1.0,2.0,2.0,0.0,2.0,2.0,2.0,2.0,1.0,0.0,0.0,0.0,2.0,2.0,' negativ
2.0,2.0,2.0,2.0,0.0,2.0,2.0,0.0,2.0,2.0,2.0,2.0,2.0,1.0,1.0,1.0,1.0,2.0,' negativ
1.0,1.0,0.0,0.0,0.0,1.0,0.0,2.0,0.0,1.0,0.0,0.0,1.0,1.0,2.0,2.0,1.0,0.0,' negativ
2.0,2.0,1.0,0.0,0.0,2.0,1.0,1.0,2.0,2.0,1.0,1.0,2.0,2.0,2.0,1.0,0.0,0.0,' negativ
2.0,0.0,0.0,1.0,2.0,1.0,1.0,1.0,1.0,0.0,0.0,1.0,0.0,0.0,0.0,2.0,2.0,2.0,' negativ
0.0,1.0,0.0,0.0,1.0,1.0,0.0,2.0,0.0,1.0,0.0,0.0,1.0,1.0,1.0,1.0,1.0,1.0,' negativ
2.0,1.0,1.0,0.0,0.0,2.0,1.0,1.0,1.0,1.0,1.0,1.0,1.0,1.0,0.0,2.0,1.0,2.0,' negativ
1.0,1.0,1.0,1.0,2.0,1.0,0.0,2.0,0.0,1.0,0.0,0.0,1.0,0.0,2.0,0.0,2.0,2.0,' negativ
1.0,0.0,0.0,0.0,0.0,1.0,0.0,2.0,0.0,0.0,0.0,0.0,0.0,0.0,1.0,2.0,2.0,2.0,' negativ
0.0,0.0,0.0,0.0,0.0,0.0,0.0,2.0,0.0,0.0,0.0,0.0,0.0,1.0,0.0,2.0,1.0,0.0,' negativ